policeOfficers <-
structure(list(Province = structure(c(5L, 9L, 6L, 4L, 10L, 8L, 
3L, 11L, 1L, 2L, 12L, 7L), .Label = c("AB", "BC", "MB", "NB", 
"NL", "NS", "NW", "ON", "PE", "QC", "SK", "YK"), class = "factor"), 
    Y1995 = c(864L, 191L, 1611L, 1298L, 14163L, 20804L, 2186L, 
    1868L, 4420L, 6230L, 116L, 234L), Y1996 = c(831L, 205L, 1632L, 
    1294L, 13780L, 20175L, 2215L, 1908L, 4443L, 6420L, 112L, 
    235L), Y1997 = c(794L, 204L, 1624L, 1304L, 13768L, 20260L, 
    2230L, 1872L, 4478L, 6742L, 122L, 250L), Y1998 = c(776L, 
    203L, 1589L, 1283L, 13636L, 20454L, 2226L, 1896L, 4478L, 
    6865L, 118L, 246L), Y1999 = c(767L, 197L, 1582L, 1290L, 13732L, 
    21024L, 2189L, 1930L, 4580L, 6725L, 119L, 240L)), .Names = c("Province", 
"Y1995", "Y1996", "Y1997", "Y1998", "Y1999"), class = "data.frame", row.names = c(NA, 
-12L))
