popPerOfficer <-
structure(list(Year = 1995:1999, NL = c(657L, 675L, 698L, 703L, 
706L), PE = c(706L, 664L, 693L, 675L, 699L), NS = c(576L, 571L, 
575L, 589L, 595L), NB = c(579L, 582L, 578L, 587L, 585L), QC = c(511L, 
528L, 531L, 538L, 536L), ON = c(527L, 550L, 556L, 558L, 550L), 
    MB = c(517L, 512L, 510L, 511L, 522L), SK = c(543L, 534L, 
    546L, 541L, 533L), AB = c(620L, 626L, 634L, 650L, 648L), 
    BC = c(607L, 605L, 588L, 583L, 599L), YK = c(266L, 285L, 
    264L, 268L, 258L), NW = c(278L, 283L, 270L, 276L, 282L)), .Names = c("Year", 
"NL", "PE", "NS", "NB", "QC", "ON", "MB", "SK", "AB", "BC", "YK", 
"NW"), class = "data.frame", row.names = c(NA, -5L))
